26
4
300.6
11111111110000000000222222
11110000333311111122222233
00000111222222211111100000
11000002221111113333333330
00112220003333333000112221
00000111122222330303003113
01001301323123123113131330
00001231020030222233203103
00123012032122211222222211
11111020220202020330303030
00000000000000000000111111
22222222222223333333333333
11111111122233333331000000
02103021301231313131111111
12222222222211111110000000
00000003333333322222222221
22222211111111111111111111
00000000000333333333311111
11111112312321321312031000
33333333333333333331111111
33333333333000000001111112
22222221111133333333331111
00000000111113333333333333
11112222222222222222233333
22222222222333333333333000
00000000000000000000000000